15
  9  13  12   x  39  39  -8  10   4  12  37   x  32  39  15 
  x  14  34  -2  32  27  -6  -9  37  -9   7   3  23   6   x 
 -4  20  16  -3   4  31   x  14  -6  -3  13  39  34  -9  18 
 -7  35  39  31  16  -4   7   x  -4   5  39  20   6  25  -4 
 20  -4  18  38   x  34  -6  -6  -7  -4  17  31   4   2  35 
 27  27   2  13  38  32  -9   x  20  25  27  24  25  -7   6 
 39   6   x   6  36  13  20  35  26  -3   x  26   x   7   6 
  x   2  30  34  30  29  20  -3   3  21   4  10  25  24   5 
 21   7  13  -6   1  30  28   x  -6  -1   4   7  13  -9   x 
 -3  10   5  -7  30  -7  16  14   7   8   1  32  18   5  39 
 25  28  -6  -6  10  20  36   x   6  37  32  19  26   8  -6 
 38   5   x  32  -5  36  30  21  10  -9  -2   x  -7   7  27 
 12  -3  12  -6   x  35  39   x  -9  29 -10  -5   5  19  36 
 10   x   4  12  32  -2   1  -8  -5   x  -4  14   x  -5  37 
 15  30  30  15   3   8  12   x  13  10   3  20  17   9  38 
