30
 21   6  -5  29  23  35   9  25  -2  28  15   x  18  34  34   x   4  35   2  -6  10  31  10 -10  18  39   1  16   3   1 
 -9  -9  36  -6   x   8  32  -7  31 -10  16  20  -2  -8   3  39  38  21   7   x  -9  26  12  37  21  32  13   1  36   x 
 10  23  34  15  32  38  27   x   7  26  12  21   9  35  18  -4  -9  35   7   x  18  30  35   5  -3  18  18  -3  -4   7 
 34  -2   9   x  13   9  14  -3  15   8   x   3   4  31  12  20   x  35  35   x  14  31  -8  -7  30   3   x  31  23  -3 
  9   5  38   8  -9  36   x   4   2 -10  12  29  15  38  19  39  35  13  20  21  17  35  17  -5  35  31  -3   4  32   x 
 18  24  -8  36  -6  14  36   9  29   4   x  37   5  27  -9   6  -3  19   x  32  28  24  18  -7  34  37  -9  32  -5   5 
 -4  30  38   7  23  21  39  -9  37   9  24  36  37   9  -2  24   x   2   2  -3  21   2  34  12   7  34 -10  36  27  34 
 -1  -8  13  -9  26  29  25  30   5   1  21  10  25  -4  -6  10  -2  -1  16  23   3  13   6  -6  29   7  10   5   3   4 
 -3   2  18  24  15  14  31  14  -4  -4  -3  -5  15  -1  -4  -7  13  21   5  38   1  14   x   3  16  10  32   x  -6  -5 
 -9  29  24   x  36   9   x  -3  36   x  13  28  39  20  -9  26   x  37   8  16  26   2  36  -1   x  39  -6   x   1  21 
 37   x  15   x  35  13  -2  23  -2  39  14  20  27  35 -10  16  26   x  37  10  -8   7   6  17  -8  24  38  14  34  27 
 37  -8  -2   x  39  23  17  13   x   4  12   9  -9  14   2   2   x  35  21  15  13  31   8  -5   7   3  13  -4  -5  -1 
 -8   3  35   x  -6  19   2  -3  21  29  13  21  20  -5  26  13   8   9  36  23  16  13  34  36   4  20  -2   1  35   x 
  7   2 -10  38  -9  -1   9   8  -8  20  -7  36   1  23  -8  -6  19  32  -5  38   x  15  -9  14   6  25  30  -3   x  35 
 -9  -4   5   8   x  18   x  15  -5   8  16  -3  36  10  -9   x  27  14  37   6  26   x   5  32   5   x  -4   x  -8   1 
 12   7   x  18  31  31  30  31 -10   9  28  31   x  14   x  23   6   9  14  -6  36  -9 -10  34  10   x  36   2  37  27 
 35   7   2   3  10  26  -6  27   5  26   2   8  26   2   9   6  26  28  10  -2   x  20  36  23   5  21  13  29  39  -4 
 17  19  31   3  20  31  10   1  -7   x  24  25  -5   x  24  -4  21  -7  26  -7  13  37  -8  39 -10  -9  35   5  27  23 
 36   x  21  17  34  -3   x  31  17   x   9  24   x  24  -8  29  -9   x  28  15   3  23  31  14  -6  -9  24  39  21  -6 
  x  32  39  17  -4  38   1  32  23  -7   5   8   2  37   x  27  21   6  12  -7  -4   x  36   9   7   9   8   9   x   7 
 23  10  -7 -10   x  15  -8  37  -6  15   7  35  17  36  21  -7  27  29  18  20  -8  30   5  18   2  -6  18   x  23   7 
  7  38  -7  36  29  28   5  12  10   x  14  -3   1  17  35  -2  -5  27  15  -3  13  36 -10  -3 -10  36   6  23  -7  12 
 31   3  20   3  24  27  27  21  -3   x  -3   2  28  -4  -9  18  15  -3   x  37  27   6  37  39  30  -4  25  37  -8  20 
  2  36   4   x  21  24  20  10  -1  15  38   9  -9  15  23  35  12   8  16  21   9  35  -8  15  12  12  19  19  16  32 
 15  19  -9   x  -4  27 -10  24  12   x  32  39   x   7  20   9  15  16  -5  21  28  38  36  24  -9  38  38  29  35  21 
 19  21   1  14   x  25   8  39  23   4  24   x   8   6  25  27   3  36  31   4   x  -2  30   x  -5  -3  23  -5  18  -3 
 26   2  -5  21   x   2  -5   2  39 -10  25  -3   8   x   x  10  28   9  28   4  31  36  17   5   4   x  35  36  35   x 
 23  19   x  30   x  23  -2  19   5  23   x   6  20   4  -2  17  34  20   7  20  17   9  23   5  14   5  15  20  28   x 
 17  -5   3  39   2   8  39  -1   x  17  29  29  29  14   x  -9   1  12   x   x  -8  31  -5  36   x  10  26 -10   1  -4 
 -7  38  32  15  -6   5  -5  17   1   9  39   4  38  21  37  18   x  -8  19  13  -7   x  -8  19  38  21  37   x  26   2 
