35
 19  35  34  35   3  17  30  27   8  39  18  38  29  24  14  20  35  32  32   2  -4   x  32  38   x   6   6  16  27  20  -1 -10  27  -4  38 
 19  30  10  25  -1  -5  -8  38   5   x   x  -1   5  -7  -5  32  -4  -8  18  37  30   x  20   9   6  15  17  17  -4  -8  37   x  -4  23  13 
  1  19  19  -2  -4  36  20  -5  25  20  13   6  18  25  -4  38  37   8  25  -8  19   6  37  -3  -2  35  -8 -10  20   x  31  16  25  31  34 
 32  -2   9  -9   1  16  19  25  18  24  27   5   2  -7  15  -5  15  31   6  34  12  19  21  19  12  18   2  25  37  16  -4   4   x   7  37 
 -8  28   8  32  -1  28  13  19  17  14   x  18  20  -1  16  14  21  30  25  27  27   7  28  20  -4  32  24  18   x  19  38 -10   1  28   8 
 -6   x   7  -6  10   x  26   2   7   x  25  -9  35   7  36  18  -2  20  -2  10  -4  -7  20  26 -10   x  29  26  29  17  36  29  38  26  -1 
 28   6  31  24   3  34  -6  21  -4  28  18   4  -9  29  -3  36  16  23  15  -1  28  -1  29  27  28 -10  28  -4   1   x   x   5  25   8  -5 
  7  25  18   3   5   1  19  16  -5   3   x  -8  13  19  23   3 -10  -9  13   2  39  28   6   3  -8 -10  27  37  26  -8   x  18  32  27  32 
 13  19   8  36   x   2  -8  -1  -4  23   6  32  -8  30 -10  30  18   6   6  -6   1  13   6  17   x  18  37  -8   9  -6  23  37   2  13  -7 
 19  24  37  31   x   7  36  20  34  34  36   9   x  21  10  27 -10  -8  -7  31  28  14  16  10  39  31  19   x  34  14  32  28  39   1   3 
 13  20   3  20  12  15   6   6  -3  25  -9   7  12  24  -3  14  -8  35  13  10  13  32  37  20  17  30   4   7  36  21  19  10   4  21  18 
 -1  -7  37  34   3  36  18  39  26  26  29  32  23  12  36  13  34   x  25   4  25  20  -6  37  26  25  37   x  24   4  18  -2  20  -4  12 
 29  36  21   x -10  13  -2   5  30  32  27   x  21  -6  37  35  15  -7  34  -2  16  12  -6  23  -6   9  -9  20  29  32  30  24  38  34  13 
 12  -2  34  24  17   x  23  19  -7  37  31  16  31  16  -4   1  -2  34  20  17  28  12  27   5  13  -6   x   x  12   8  39   x  23  -3   5 
 20  10   3 -10   1   x  37  35  30   6  10   4  13  39  12  16   x   5  24  26   7  -4  39  29  13  12   6  30   2  10   5  39  16  27  10 
-10  -6  -9   x  10   1  27  34  -4   4  -1  29   7  -5  18   5  20  -7  -2   8  -9  13  32  32  15  -1   6  21   2  23  36  36  -3 -10  38 
 34  24  -9   x  26  -1  -1  21  -2   9  24   9  -4  13  19  18   8  32   4  21   x  23  -6   9   9  35  23  -6  -5  -1   1  -6  14  25  13 
  8  14  29  38  28  -4   1  29  -5  25  29  37   6   7  31  23  16  -9   x  16  -2  10  -6 -10  37  -5  -4  -5  39  24  26  -2  34  -6   3 
 35  -6  13  -3  17  23  -4  26   5  23  15  29  10  32  15  19  39   8   4  38  -8  -3   7  18  23  -3   x   7  25   x  39  38  27   x  -5 
 35 -10  26  15  13  29  -3  38   x  -2   x  10  37  -5  15  20  20  18  24  30  36  35  20   7  15   9  13  27  23  27   x   8  36  19  26 
 12  27   x  36  26  -4  38  14  -6  -7  12  26  25  27  35   2  31  14   x  16   x  19  30  29  28  15   9  14  10  10  -4   x  -5  34  -8 
-10  23  32  -8  13  10  15  -9  21   2  31  15   6   2  -2  29  -4  21 -10  14   1  34   x  32   1  -3  26  13  36  23  -5  -9  27  34   x 
  7  12  15  38  25  10  -2  -7   6  -2  23   5  32  26   6  -4  35  24   x  19  -6  14  35  -9  24  29  24  26  27  10   3   6  29   x  25 
 27   9   x  13  39   5  18  26  15  21   2   2  27  39   x  16   8  19  27  13  37   x  17   x  24   x   6  -1  17  39  15  13  -1  19  27 
 31  -3   5  39   4  -3   x  -1   5   1  35  -4  25  30   4  -1   1  35  25   9  -5  32   3  17   x  23  34  19   7  27   9   x   x  -2  26 
 13  38  19  32  -5  32  31  25   1  20   x  37   x   8   1  29   x  -5  17   x  -7  20  20  -5  19  28   8  -5  36  -6  10   9  24  31  24 
 34  -1   x   7  13  -1  39   3  13  25  21   6  26  32  25  39  16  10  -6  38  18  36  23  -7  36  29  38  25  -2  -4  26  19  24  17   8 
 -6   6  36  -3  -6  16  34  -4  36   7  13  -9  34  37  18  -2   4  34  23  -9  -4  -7  -3  17  36  20   x  -4 -10   x   x  39  13   x  21 
 35   9  -5  27  -6  30   x   8   7  34   4   9   8  36  32  16  19  15   5   3  39  -3   4  -9  20   4  31   x   5  21  18  26  31   7   2 
  8   4   x  -4  -3  -8 -10  18  27  -8  36  19  20  27  30  37  15   x  -8  14  20  21  31  13  13  36  19   1  -4  16  21   9  13   3  36 
  4   x  16  31   x  18  15   7  34  13  38   4  17  16  24  38 -10  20  35  27  38   3  35  14   x  -9   9  21  39   4  37  -6   2   4   5 
  x  21  23  19  -1  29  17   7   5  30   1   4  28   9 -10  32   5  29  26   5  16  23  -1  31   x  23  37   x  -2  30   6  -2   8  37  12 
 30  24  -3  -4  10  38  15   x  -1  -1  29  25  12   x  24  20  -5   6   8  27   8   8  23  21  25  37   1  17  10  -8  25   5  15   4  31 
 -1  14   4  16  30  18  38  38  30  -4  35  21  37  13  -4   6  -2   9  -7 -10  34  -7   x   x   8  27  25  -2  38  23  31  38   8   7   x 
 -7   2  12   1  37  10  31  15  -4   1  17  35   x  -9   9  -8  24   9   6  18  -5  16  19   5  20  -5  10   2  12  36   1  27  17  -4  -6 
