45
 12   x  35  25  21  -9  18  38   x  30  15  13  12  -6  10  -1 -10  19  -8  37   5  27  26  -1  10  24   5  17  -5  23  37  14   x  14   2  31   6  38  35   2   4  39   6  -1  19 
  7  32   x  -2  24  -5   9  15  12  12   x  -3  19   4  -8  37   x  26  -2  31  26   x  -7  -5  23   x  15   5  30   4  26  30   1   x   x  -9  -6  -9   7  -6  31 -10  10  -6  10 
 38  -6  27  25  -1  -7  17  29  20  37  35  30  -7   8   7  23   x  13  30  23  -6   3  37  -7  13  38  10  32  15   x   2  16  19  17  38  24   x  24  10  32  36  -9  25   7  32 
 -2  39   3  39  30  -8  13  35  37  -9  -8   9  14   5   5  25  30   1   x   4  -8  27  37 -10  18   7  38  36  31   x  25  -7  10  -6  38   x   2  35  39   3   1   4  28  26  -3 
-10  15  -2   x  38  17  -5  -7  28  21   5  26  19  15  16   2  19  12  20  19  32  32   x  24  -2  -6  -9  -7  -4  15 -10   5  21   7  -2  10  20  35  38  26  23  24   2  20  19 
 15   7  39  25  29   x   4   3  24  37  32  32  -5   7   x  10  -3   4   4  30  38  10   8  36  -9  -5   x  15  31  18  -3   x  -1   x  -9  13  -7  23  15   8  -9  26  34  39  -9 
 -6   x  26  26  -8  23  -9  -1  19   x  -4  -6  30  14  -1  12  -8   x  -3  15  15   x -10   x  15  28  13  10   3  -4   2  19   1   x  29  -7   8  -2  -3  17  36  32   x  39   x 
  8   x  28  35  18  27  -1   x  24  27   x  37   5   6  -8  37  36  38  -8   2  39  25  28  12  13  23   3  14  20  25  16  -9   x   x  25   8  16  -9  16  27  27  38  13   2  26 
 -3  10  17  30   9  21   3  -8  -4  14  23  31   8   4  -3  -9 -10   x   2  12   1  -4  24  12  21  31  15   3  24   x  37   4   7   4   1  -1   2  14  13  -1  37   9   x  16  29 
  3  34  19  -5  -3   7 -10  25  -6  20  21  -2  36  23   x  -4   8  -5   2  23   x -10  10  -8   5   8  15 -10  23  14   x  -2   5   6   6   x  12  35  -4   3  38  10  -9   x   9 
 23   8 -10  37   2  19   x  -5   5  17  -8  16  25  23  -7  36  12   2  16   x -10  -4   3  21  21   7   x  -8  23  32  28  12  -6   x  19  24  36  19  30  31   2   4  20  39  14 
 14  -2   x  16  25 -10   7  24  35   8   3  10  24   x  -7  -6  38   8  -9   9  10   7  20  -1  -7  -2  13  -9  -7  19   5  38  -9  38   x  23   x  21   x  29  -7  24   6  23  -5 
 -3  31  23   x  34  38  -1  29  14  10 -10  31   x  35  -1  29  28   2  27  35  18  -5  30  31  -2   x  28  -4  10  30  14  -3   x   5   3   x  23  -7  13  31   x  21  24  32   6 
  8   x  -9   7   5   7   5  26  10  21   3  36  25  29  13  30  14  20  27  19   2  24  19  18  27  17  -9  12  13   4  37  32  -9  31  20  32  20  15  -6  -1  39  31  39   x  21 
 28  -2  38  13  20  30  -5   9  -9  25  29   3  -5  16  -2  32  24  -9   9  31   x   x  16   x  -1  36   7  38   2  -2   x   x  -4  37   x  -9  29   8  21   6  35  13   1  28  29 
  2  25 -10  37  30  32  23   3  -4  27   2   7  16  16   7   7   x  32  20  28  27   1  31   x  28  -3  -1  35  24  38  -7  20  28  20   5   7  27  18  12   x  -2  -8   1  -2  15 
 13  26  34  28  10  17  15  36  38  28  -4  28  -6  39  12  24  12   2  14   x   x  -2  38  30  14  28  35   x  35   2  29   5  23 -10   1  -7  23  12   x   x   2  35  23  31 -10 
 36  21  19   x   3  -9  21  37   4  -9  20  -8  24   x  36  -3   5  31   5  -9  35  23  -6   x  -3  -6  -7  31  38  26  30  29   2  36   9  21  -4   6  17  25  24  15  39  28  24 
  6   2  14   3  19   2   3  14  17   1  24  34   5  18  13  -4  37  38  34  16  -5  28  -9  -7  24  21  36  37  17  19   4  -2  -6   2  18   9  24  25  20   4   8 -10  -2   2   6 
 -3  -5  31  21   x  24  20  39  21  28  -5   x   7  -8  17  16   5  39   6  18  -8   6  35  -2   x  35  13  25  10   4  20  -2  21  28  26  24  19  -5   1 -10  -8  -5  30  12   8 
  5   x  12  27  36 -10   3  31   1  35  21   2  16  35  36  -6   7  23  30  35  27   9  30  14  -5  -5  26  14  20   2  20   x  -1  26  -8  -9   7  36  39   5   1  10  31  27   1 
 36   7  21   1  10  -8  30  16   x  30  36  -2  -1   1   7  -3  19  37   3  -4  19   6   3   3  16   8  19  15  -4   9  35  31  27  31  -1  32   x  18   6  25  15 -10  -5   x  36 
  x  -9   4  34  17  27  13  15  17  35  31  30  -4   7  27  19   6  18  15  32  14  25  -4  -2  38  15  26  16  13  21  30  -8   9  16  -4  -7   7  13  -8   9   x  36  13  31   x 
 36  -7  12   8  -1  37  29  38  30  13  -8   8  -7  19  19  24  35  32   3   5  20  15  -8  29   3  29   6   1  -7   x -10   8  -5  25  -8  20  -5  38  12  -2   4  13   x  36  23 
 -1  23   4  -5  -3  17  -7  -1   3  20  -6  -4  16  -1  -5  18  10  31  28  31   4  23  32  30  19  17   8  31  34   2   6  35  15  -1  -5  37   1  17  -3   x  25  15  28  17  34 
 -5  -1  -7  -7   x  17   2   5  35  -9  39  12  20  35   8  30  27  10  20   3  18  23  31   8  12   x  36  16  20  27   3  13  18  -3  17   9  -2  39   4  37  30  20   x  27  -5 
 37  31  -6  10   6  31  -9  -4  -7   4  31  39  21   7  32  20  -2  -8  -2   7  10  14  35  12  25 -10  36  38  38  10  -9  36   4  -5  32   2  32  -4  24   7  -1  18 -10  23  19 
 -4  27  14  28   1  30  37  15  34  -8  -8   7   4  -5  25  35  23  29  27  19  23  -6  10   1   3   9  13  28  19  18   x  17  10 -10  -1   1   9  27  -2   x  17 -10  26  27  23 
 21  19 -10  -9  37   2   7  -1  12   5   x  -5  13   x   1   2  35  15  21   8   x  21   x  23  20  -5 -10  -7  -5  12  27  32  18  14  -2  37  24   3  37  -9   x  23  37   6  30 
 18  -2  27  37  15  35  36  -5   7  27  15  23   5   x  34  20   7  -9   x   2   2   3   x  13  30 -10  12  27  -1   4  27  10  21   x  29   4  35   4  -3  29   x   6  36  -8  -7 
 -4   2  24  12   4  32   7  15  12  -3   x   9  10  32  16  13  29  20  -2   6  -7  -9  17  13   9  15   x  20  -5  28  -6  38  32  12  30  31  14  26  39   2  13  36  27  28   x 
 38  -3  12  -1  19   1  -5  34  -2  -6   8  15   4  37   3   x   3   6  13  25   9  32  -4  39   6  31   4  12  34   3  23  16  -8  15   5  35  -7  10  13  15  -8  15  35   x   4 
 34 -10  29   x  31  23  -4  37  28   2  39  38   1  24  21   9  -3   7   6  14  36  -4  26  37  -8  36  -5  -1  18  -7   8   6  19  30  -7  10   x  18  38  30  36  36   2  -6   9 
 31  25  38   x  -2   x  26  -9  36 -10  10  34  10  13  38  34   5  20  15  15   4  -2 -10  24  30  27  16  29  28  27  38   x   4  23  30  -2  14  39  35  -8  28  26  28  25  31 
-10  19  23  -9   8  37  27  31   1  -6   x  21   x   8   5  18   x  -8   x  19  18   x   9  20   6   7   4   4  25  19  39  12   x   6   x   2  28   3  18  26  26  10   1  39  16 
  5  -6  31  30  13  27  10   1   9  34   x  29  31  20   6  -6  30  21   x   1  34  36   4   2 -10  31  -8  -3  30   x   x   2  17  -5  27  29  23   2  30  -9  10  -9   7  25  39 
  3  38  18  18  -9  13  30  12  25  13  27   5  -8  28  -1   x   x  37   2   7  -1  39  12  -1  20  31   1  -5  39  29  21   1  17   x  13  -6  27  39  34  31  -4   8   8   x   3 
 10   1   x  16  28   5  10  -2  38  21  34  25  26  -3  -2  16   1   x  14  13  -8  20   x  -5  35   8  -6  17   4  20   x  10  20  -8  13  10  23 -10  -1  -2  21  31   x   3  15 
 20  20   9 -10   1  29  12  35 -10  27  27  21  13  19  37   6  17  30   1  12  -5  21   9  25  -5   3   2   x  28  13   x   8  17  -7   5  15 -10  13  16  -4  29  34  30  -1   3 
 30  -5  25   8  29   9   x  34   5  38  38  -2   7  38  30   2  15 -10  21   2  21   x  34  23  -5 -10 -10  28  15  -3  20  -1  -3  14  -9  32  -6  16  21   3  23   8  13  27  39 
  x   x  -5   6  25   2   6  21  -3  -2  21  -3   4  -7  38  29  38   1  -8  -2  34   2  -9   x  32  27  -8  -9  39  -2  15  14   4  16  -8  -7  25  37  19   1  -5  28  34  35  36 
 24   x   8  38  -2   6  30  32  25  29   5  37   1  34   3  27  14  14   8 -10  -4  13  -2   x  27   9  17  25   7  15  29   x  32  21  20  32  34  -7  37   x   1   x  15   3   6 
  7   7  16  -9  16  30   7   9  13  -2  -5  24  35  -9  29  24  19  15   x  10  28  27  36   2  -7  35  21  10  26  24  35  30  -7  30   5  29  -2  -1   6  29  38   9  -3  17  -6 
 29  -4  21   x   4  -3  28   9   1  -4  -1  -3   8  19   2  28  -8   8  26  -6  20  21  -2  38   5  25  -2   7  12  -3  -7  -6  34  18  -2  24  34   5  -7  31  27 -10  -7  38  20 
-10  26   x   6  -4   x -10   5  -5   4  13  30  20  18  38  -4  23  27  16   x   4  25  39  -3  35   5  16   x  32 -10   8  38   1  39  -8  10  -3   1  32  14   x  21  36   x  31 
