20
 10  25  -2  13   x  32   8  34  36  -5 -10  -8   2  -6  36  16  28  17  32  -8 
  5   8  -3   9 -10   6   8  28  -3   1  18  17   x   9  35  31   7  32  23   5 
 34  17   2  21  12  13  25  23  -5  -9   1   9  30   x  -3   6  34  12  10  -4 
 28   9  -2  19   4  13  36   8   x  19  13  10  16  16  19  31  36  32   8  -3 
 24  17  20  35   3   x  31  31  -2  16   5  13  24   3  30   1  21  16   8  25 
 18   1  16   x  38   x  32   4  28  13  -3   2   3  15  35  26  -3   5   x  16 
 38   9  16   4  24  32   x  25  -1  -4  14  25   4  28  -1  25   2  31  23  19 
 12  31  39  24   2  32  27  -9  13   4  -4   4  31  -3  20   5  19   9  21   2 
 29  -3   x   x  23  -1  20  19  29   x  36  24  -2   5  18  31   7   2  38  -4 
 12  -6  21  20 -10  16  30  14   7  28  14  23  29   4 -10   4  -7   2  38   1 
 -7  26   6  29  21  20   4  16   9  -4  -2  21  36  -8   7  -2   6  36   2  31 
  x  32  -5  35  -8  36   7  -9   1  32   x   1   x  29  14  23  38  16   8  26 
 38  37  -6  16  21   2  32   x   9   x  25  -8  30   4  38  28  -8  -8   7   x 
 24  23  34  37  24  -9  30  12  -8   7  34   3  10  18   x  -4  -1  16  25  -9 
 38   x  -9   2  -5   1  -4  -1  -5  13  14  25  17  38  -1  -8  32   7 -10  39 
 16  35  21  20  18   x  -1  31  -7  36  29  -1   9  -6  -4  36   1  -1  37 -10 
 -7   x  32  17   x  -6  -8  26  28  19  -9  -7   x   5  18  39  17  28  35  -6 
 21   7   9   7  18  20   x  38   x   6  15  20  -7  18   3  30  29  38  -9  34 
  1   2   1  27   x   4  34  12  -5   4  -4   x  -3  37  -4  15  20  27  24  35 
 -5  -7  -6  -3  19  12  39   x   5   7  -6  32  12  13  17  38   4   x  32  10 
