50
 -2   x  24  13  21  36  36  15   2  18  21  19  24  13   9  39  16  -1   x  14  24  16   x  26  26  24   5  12  -8  37   8 -10  34  15   8   x  -5  29  18   4  -7  -8   2  17  36  24  15  -9  -8  36 
  8  -9  15  -4  -4  21  19  29  36   1  31  14  -6   2  24   8  32  13  10   7   x  -5  24   5  34  19  -8  12  12  38  -2   9   x  18  -5   5  -8  29  13  28   x   3   1  20  20  14 -10   9   2   8 
 -3  25 -10  -7  -4   8  36  32  17  -8  -7  -4  -8   x  13  38  -5   1  32  12   1  -2  10   1  25  30  -7  27  -4  38  12  32  -1  -8  -2   x  -2  -7   x  25  -2  20  19  27  -3 -10  18  23  39  -8 
 31   4  -7   4  18  30  10  -9  16  16  36  -1  17  25   x   x  15  21 -10  37  30   7  10  14  21  24  -5  18  17   x   x  26  -2   9  18  38  -1  35  26  30  17  23   x  -6  36  -4  -1   7   x   9 
 13  -5  30  39  19  -2  36  -7  -6  23   7   7   9   1  15  19  34  12   2  23  24   1  28  24   x   x  -4  17  39  15  -3  -2  -5  36   3  24  -1  30  14  20  -1  27   9   3  39  -3  17  -5  -7   3 
 -2  35  25   3  37  19  23  20  26  36   4  14  34   7  12   3   2  32  -9  37  -9  -4  29  -3  14   x  -6  20   x  -6  16  29  13  -2   9  -3  31  25  -3   3  31  31   6  13  21  27  23  37  21  31 
  x  -4  27  36  23  -7   6   6  13  -9  -4  -1  12  21  17   2  15  13  -8  26   6  -7  39   3  28   x -10  13  27 -10  32   x  31   x  39  29  36  10   4   9 -10   x   4  30  20  -7   1  21  28  20 
  6  13  27  18  10  26   x  31  19   2  -1  31  23   5  12  -1  -4  29   x   x  16 -10  -9  -3   7  30  12  39   2  28   1   4 -10   7  10  10  23  12  -5  -5  18   6   6  -1  -7  34  28  28  17  14 
 35  -1  18  19  29  -7  34  14  18  30   x   x  31  -3  21   8  37   7  -6   4  -4  25  38  -2 -10  23  39   x  21  27  17  10  21  -3  -2  -1   7  24  15  38  37  -1  37  -1  13  13  30   1  21   5 
 27  32  38  17   x  -1   8  12   6  -5   x  10  34  30  39  18  -3  36 -10  34   8  37  27  -1   9   x   8 -10   9   6  24  29  -7   x  36  35  -7  -6  28  27  -1  30  18  -5  16  -3   5  13   x -10 
 25   x  -2  -4   5   3  12  36  10   1  12  -6   9  -3  39  38  15   8  18  37   9  26  31  24  -5 -10  30  30   8  16  13  13   7  26  23  10  20  39   x  19  19  38   5  39  29   x  -7 -10  35  39 
 -6  32  20  30  21  -1   5  31  39   4  27  10  10  -5   6  14  20  36   x  23  19  39   1  23  27  -3   4   4   2  28  -4  25   x  -8  28  20   5  10   x   1  -8  10  37  10   x   1  37  20  -9  21 
 21  31  10 -10  38   3   3  -8  35  39  39  35  35  39  31  12   2   x  -7   8  -1  -2  13   1  21  -9  -3  13  38  19  16  26  10 -10 -10   1  34   x  29  -6   8  21   9  16   1  34  37  25   5  21 
 -9  13  24  27  -2  -5  16   9  21  18  -1   1   x  14   6  27  27  26 -10   3   6   2   2   2  -3  -8  -9   x   6  18  12  15   x  -7   2  25  37  18  20  27   1  -1  28   4  -9   x  12  12  23  18 
  1 -10  -5  14  -5  15  -8   4  -2  -5  31  -3  28  30   3  38  25   x  39  15  35  16  -6   4  15   8  32  -1  36  23   9   9  23 -10   3  15  27  35  37  39   x  -1  28   x  26  20  23  35  21  18 
 -3  27  15  27  36  25 -10  -9  13  35   8  -9  20  31  32  37   x  17  -7  -5   9  18  23  15  23   x   2  15  13  -1  -8  -8  17  12  38  -7   7   x   1  -6   4   x  34   4  24   7   8  21  -4  34 
 29  27  26  20  30  18  29  15  -5  29  24   6  35  -7  30   6  -6 -10  26  26  28   2  -2  16  18  -2 -10  32  30   2  30   x  38   8  36  19  -5  28   x  12  37   x  21  24  26   3  25  24  28  -5 
 39   x   5  19  30  24  38   x -10   8 -10  -4 -10  29  16   3  34  24   2  -8  17  23  12  -3  13   9  12   3  20  24  25  12  -2  37  -1   8  34  12  21   x  15   5  18   9   2   1  19  15  -5   x 
 39  -1   x  20  -9   x   7  -7   6  -8  26  14  20  19  30  -4  26  16   1  -1  32  32   1   1   7   8  -2  25  38   x  17  30  32  10  -7  15   x  -4  16  38   2  32  17   2  24   x  31  -9   9   4 
 27   8  -9  16  32  10  29  -8   3   x   8  14  24  24  34  16  -4  -2  31  -2   1  17  20   6  31  12  -8   x -10  26   3  14  23  16   8  19  30  -2  17  25  10   9   2  30  21  13   x  37  12  -5 
  2  28  27 -10   x  10  23   8   2  -6  -5  15  29  16  35  36  12   4  25  15  18  31  25  -7  17   2  36  31   7  14   x  13   x   x   x  -9   8   x  23  25  19  19   5  19  -7  27   3   x   2  -7 
  2  29  14  34   4  17   7  38  12   6   3  26  32  -6   x  21  21  15  35  19  38   x   4  10  35  24   x  -5  -8  15  30  15  -9  19   x  -4   x  28 -10  37  29  -4  20   3  27   9   3  24  26  -5 
  6  39  24   3   x  -1  28  32  20  34  16  29  32  -6   x   8   3  17  -6  12  10   x  -1  12  -1  -9  -4 -10  21   3  28  24   3   2  12  27  -3  -7  27  38  -6  -4  21   x  37  39  18 -10  -3   7 
 -5  -4  -6   x -10  21  34  21 -10   3  38  25  31  -3  -4  31  -5  38  -3  35  28   8   2  29  18  10  15   8  26  39  17  21  -6  15   8  17 -10   x   1   8   8  39   2  -9  25  39   1  24  12  19 
 23  10   9  13  20   1  23  20  19  -2  -2   5  23  29  35 -10  34  34  15  10  -9  -8   5   4 -10  31  38  -6  36  -9  39  -3  -8  31  -1  12   1  29   x  25  -6  31  30   8  39  -6  19  37  15  15 
 25  37   5  23  23  36  37  23   x   x  18 -10  20   3  24  -7  16  -4   8  -9   x   2  10  19  35  18   7   3   4  -2  -7  19  39  -9  -7   9  23  23  14  13  18  14  16  16  23  26  17  26  -2  10 
 -1  10  -4   x  -9  32   x   x   4   x  30   5  31  17  14  29  13  -4  -8 -10  23   5  -1  27  28   8  21   6   9  36  -7   x  13  -5   8  29   8   4   x   1  15  29  38  -8  21  21  23  26  -5  29 
 13  38   x -10  14  -9  17   x  36  13   x   9  29  39   9  15  26  27  19  30 -10   4  -2  38   4  -5   x  -3  36  10  16  19  19   2  18  28  16   4  23   4  21 -10  36  39   x  34 -10   8  -2  16 
 31  24  35  10   x  -2   x  32  14  -3  34  39  29   3   1  23  23  -2  -1  26  37  34   7  18  37  26  26  -5  21   7  -5  25  15  16  30  38  37   2   7 -10  -3  -6  14  -9  21   1  14  -8  31   7 
 21   4  19   1   1  -2  -2  19  14  15  34  -8  19  10  -5 -10   x  21  30  -9   x   8  16  10  10  -1  13  24   8  -9   x   9  -4  -6  38   6  34  32  19   5   x  -8  10  16   1  27   3  -6  -7  -9 
  3  21  21  29   x   8  10  -9   2  26  29  20  38  19  34  14  25  37  -5   4  34   9  34  29  31  10  31  36  37   8 -10  30  31  25  -7  19 -10  10  20  -7  28  -4  -3   8  28  35  39  37   3  -2 
-10  20  35   6   9  29   6  17   5  19  23  27  28  -8  23   5  -6  38   7  27  29  -8  29  19   x  -2  27   x  -3   x  30  36   1  -5  14   9  -2 -10  10   2  -1  -3  15  16   6  -3   x  37  16  17 
 37  18  21   9  15  23  -9  30  25  24   x  36  -6  -5  25  21  37   7  -3  13  -9   6  35  19   6  -5  -3  31  -4   x  -1  16   4  -7  -4  36  15  25   x  21   4   x   5  -4  -7   4  10  34   4  12 
 12   x  -4   6  13  38  14  31  39  32  29   6   x  31   9  -9   x  37  20   x  13  -2  32  14  10  15  20   6  37  35   2   9  32   x   x  -5  24  -9  -4   4  -5   1  12  21  -2  12  16   x  19  -6 
 30  23   5  19  -9   6  13  16  30   1  -4  10   x   6  -1   6   x  -5  -6  19  10   9   2  -9   7   1  -8  12  13  34  32  13  -4  19  27  19  -6  15 -10  21  38  35  30  -7  12   5  -1   9  14  -1 
  x   6  21  26  38   x  -7   1  23  -1  32   x  16   6  39   5  34  35   2  25   2  -7   4  10  30  23 -10   x  16  -1   4   9  38   9  29  -9  -8  10  21  24  -3  20  15   8  31  37  16   3   x  38 
 13  14  -4  -6 -10  31  34   7   x  31   1  25  34  -5  12  -7  30  28   x   3  14  -2   7   x   x  -2  15  15  30  24  20   x  18  31  34  -2  18   9  -7  -7   3  30  39   4  24   x  -8  31  32  35 
  6  38   x  29  10  36   4  -4  -7  19   x  26  24  -2   x  29   x   x  24  19  36  19   x   x   8   3   8  30  34  24  13  23  36   x  19  37  -3  30  39  14  39  29  14  -6  38  17   8   2  10  39 
  9  12  16  30  20  20  34  18   1   4  -5  38  34   x  -2  31  21  -8  39   3   9  13  -8  35   x   6  15  -3  36  30  24   8  38  34  13  35  17  35  -1  17   8   2  36  10  -7 -10   x -10  38  -5 
 36  35  10  10  -1  24  29  27   4   x  35   6   5  25  -3  24  14  -6  24  19  -2  10  24  30  29  23   x  -8  34  15  17  16  30   x  24  26   x   4  21  -4   4   1  -8  26  -5  -7  37   x   6  34 
 30  39  17  35  -3  -6  14  17  18  39 -10  38  -6 -10  36   7  27  37  21  10  -2  12  -5 -10   6   x   7  15  -1  23  28  12  -8   x  21   5  -4  35  18  12  15   9  34  12  39  30  -9  25  12  -5 
 10  -8  -1  13  25  27  13  19   x  20  -9   8   3  -7  -7  20  15  23  27   1  29   8   7   8   6   x  12   9  26  13  10  -8  12  21  -6  -1   x  17   x  18  -6   3  37  26  -1   1  12  -7   9  15 
 10  39  12  37   6   1  24  24  15  16   2  25  30   1   3  12  36  21   9   x  12  -5  25  27  -5   8  12  15  -5  21   4  -9   3  -7   x  29  -3  14  36   8  28  14  38   8  10   x  14  18  28  38 
 16  26   4   9   x  20   6  15  27  -1   3   x  -3  18  17  39  37   4  16   1  35  10  37   x  35  26  37   1  23  20   2  21  15  38  -7  28  15  21 -10  12  38  -7  24  39 -10   4   7  29  19  27 
  1  -2  17   5  29  27  -4  17  10  35  14   3   2  28  15  30  -1  32  12  29   5  -8   2  15  -2   5  34  12   x   9  23   x   x   7  28  26  36  32  19  17  28  12  -8   4  36  12  10  13   1  27 
  8   8  31  29   x  17  17  17  32   x  39  18   5  17  26   3  18   7  -5   2  29   x  -4  20  34  -4  34   9   x   9   1  24  13  29  31  -6  19  27  -7  37   9  31   1  34  -5  16  34   x   8   5 
 -3  27   4  -8  15  17  32  29   1  21  -6   6  -7  12  30  21  10   3  31   9  37  29  39  39  18  34  12  -2   x  39   7  13  25  14  25  31  12   6  12   7  27  37   6  18   2  26  15   6  10 -10 
 28  31  29  -1 -10   1  -4   2  29  23   5  23  38  -4   x  -3   x  25   3  -4  35  -4  28   x  -1   3  25  16  -3  18  32  24  -7 -10  30  29  29   8   2  24   x   4   4   x  -5  31   6  -9  32   4 
 20  -7  10  -3  -5  12 -10   2  39  14  31   2   2  -9  32   x  31  32  -6   x  13   2  35   x  34   x  39   x  -9   2  38   1   8   3  10  -2  -8   1  15   1  27  35  13   6  -9  -6  -5  35  25  15 
  x  -5  30  23  38   2  34 -10  31  -3  -1  -9   6  37 -10   x  19  24  -4  -3  10   9   x  24  37   x   1  -6  26  17  10  14  25  -2  10   5  16  10   4   4  -3  -1   x   9  21  39   3  23  32  34 
