40
 39  32  10   5  29  39  -3  -9   x  -4   4  -7   1  27  31  -5   6  21  14   9  20   8  14  -3  38  18  -8  39  25  25  12  15  27 -10   6  -3   8   6  -4  34 
 -2  24  24   1 -10  15  27  21  -1  -1  38  38  25  -7  -3  -5  -7   x  18  14   x -10   5   5  -3  18   x  23  23  30  32  25  32  -4   x  12  -1  -9  -4  12 
 -6  18  38  18  37  12  20  19  -3   x  -1  35  20  -7  18   5   6   x  30  -2  15  21  16  24   8  -7   4   4  29  17  -1   8  18  16  14  -1   2  10  15  18 
  x  29   3  -3  -2  13  29  37  15   9  -8  25  16   8  -7  36  -7   3  26  36  37  -6  17  21   x  -2  27  25  -2  28   7  15  26  36  31   x  14  -8   8  24 
  7  -3   6  31  13  39  23  -8  -5  10  24  14  -8   1  20  -2  24  -1   8  21  -9  17  -5   6  -5   9  16  24  -2  37  35  10  30   x  19  -5  13  17  13  17 
 30  17  13   x  15  -8  24  34  -8  30  15  23  12  30   5  -9  37  28   x  24  27  -4  31  -2   6   x  14  37  36  20   x  28  -2   x   8  10  21   2  10  -6 
  4   x   4   6   x  38   5  10  29   5 -10  -2  -4  -9  12   2  -5  24  30   4  31   5  32  23   x  24  -5  20  23   7   1   4  -6  20   3  26  16  31   x  31 
 19  30  14   2   9   x   9  25   7  31  29  26   6  38  26  35  28  -4  16  -2  10  30  35  -1  32  -3  13   6   5  20 -10  30  -4  -4   5  12  14  36  -1   5 
-10  30  -6  36   1  -6  28  39  23  28   8  -8   9  20  35  39  19   x  19  -5  37  30  21   1  -9  16  29  -2   9  28  13  31  23  12  -2  15  13   x  -5   x 
-10  16  25  -5  36  32  -8  34  -9  15  31  -3  28  29  19  26   x  -2  21  -5  -8   1  16  16   7   x   7  19  23  12   x  -6   x   2   4  23   4  -1  -2  28 
 21   1   7   4  -5  27  39  -9  18   7  16  35  23  -3  38  21  -6   2  27   1   x  17   x   x  38  23  28  25  17  19  14  16  -9   x  -9  29  18  -2  34  27 
 36  17  23  25  37  14  -9   8  29  -4  26   9  32   3   8   1  13  27  10  25  34  -7  31  13  24  -9   6  12  -1  -1   x  29  -3  23  18   2   9   7  39  -7 
  6  -6   5  27   5  26  -3  -5  28  17   3  30  10  35   x  13   6   7  -4  25   x  27  15   x  39  23   9   6  30  32   x  39  -4  32   2  -6   8  26  37   x 
 -2  19   4  -2   1  -7  16   x   2  18 -10   x  10  21  10  17   1  30  -8  12  30  29   x  -1   3  19   6  21   8  15  21   9  37   x  -9  12   7  29   2  18 
 36  -8  28  21   9  34   6   6  39   8  25  16   8  18  18  25  17  30  35   3  39  37   8  17  -4   x  20  32  35   x   x  35  13  14  25  -5  27  -3  25  36 
 27  29   2  -8  32  25  34  -3  26  -7  25  -7  18  -1  19  17  28  29   1  19   8  20  -2  -5  -2  36  18  37  32  -1  16  15  34  20  -4  14  -7  21   6  34 
 25  20   x   x  30  -1  26   x   4  34  27   x  -6  27   x  -5  20   6  12  -1   7  -8  39  27  17  29  31  24   9   3   x  -2   1  36 -10  18  28   8  36  24 
 13  25   4  23   3  12  17  25   x   x  -2 -10   x  26   2  -3  27   x   8  12  -7  10   5 -10  20  13   6  -3   6  -8  35   x  -6  31  14  18   5  37  -7  24 
-10  12   x  39  -8  -8  29   6  -5  37  21  -9   4  26  34  -4  -8  -8  21  10  29  25   9   x  19  34  17  30   3  31  17  -1   9  17  18  29  15  27  34   x 
 16  35   7   x  31  -3  -3  27   1  18  25  -9  -7  39  -1   4  -4  21   x  15  13  17   2   3  26   8   7  10  12   1  18  23  21   2   3  18   4  -1   5   8 
 10  -8  13   2  37   6  -1  28   x   x  -9   4  -5   x  32   2  30   8  -3  23   x   5  38  14   9  26  -2  39  -4   4  -9   3  31  16  17  21  21  31  -5   2 
  x  -7  19  -7  21   x  -3   x   1  19  39  12  24   2  35  17  30  -7   x  37  -4  12  30   1   3  26  39  36   2  12   1  34  -5  -4  10  16  -1  -9   3  -6 
 12  20   4  25  -9  39  14   x  20  28  28  35   x   1  15   6  32  10  -8  23  14  20   x  26  30  10  14  -5  39  -4  39   1  31  31   3  37  -1  -5   x  12 
 16  -1  -3   3  26  16  27  -9  28  27  23  36   9  21  16  21  27  -3  24   x  35  -1   3  26   7  21   6   8   7  31  25   5  -6   x  29  39   1  26  -8  35 
  5   7 -10  15  -4  39  26  17  37   x  17  17  23  23  35  26  17  31  28  38  -6  27   x  27  37  -6   8  -6  20   7   9  -3  34  18  14  34  15  -9  23  10 
 18   2  -4  -9   1  14   1  18   x  17  35   2  -6  29  -5  -1  -7  32  32  -7  30  32  27  -7  10   x  37  -7  -8  28   5   3  25   2  29  13  -3  -8  29   6 
 -3  36  35 -10  28  39  26  24  28  -4   x  31  -1  18  26  20  -1  24  18  -6  -4  29  -1  27 -10  -4  -2  10  35  -4  25  35  13   8  21  25  14  20  30   x 
 26  19   x  13   5  -7  -3  18  39  37 -10  -7  31  -3   x  -4   8  -2  21  29  31  20  37  -5  -8  38  39  27  26  13  -3  35  -8   3  -6   4   x  19   x   9 
 -7   x  26  32  21  31  19  19  26  34   4  -1   6  -9  37  10  29  10  -4  20   x -10  34  21   x  32   6  21  25   x   x   x   8   8   x   3   x  32  38   7 
 15  -3  36  28   9   6  12  14  12   x  -1  36   9  17  13  15  29  34  -2  -9  20  31   x   3  36   x  15  -3  38  17  -3   x  28  -7   3  19  21  19 -10  29 
  x   6  37  -2  -1  -7  24  35  27  -6  25   x   4  26  -3  15  34   6  19  -9   x  32   x  26  34  30  19  38   5  27   2  25  -4   6   2   x  -1   x  -2  37 
 32 -10  -8  23  14  25  39  35  17  -7   x  -1  27  34  28  16  20   x  13  -5  24  25  15  25  -8 -10  -2   7   x  -4  -9  29   x  19  -9   6  -8  -1  25  19 
 35  15  16  10   3  14   x  -6  35  14  13  29  16  29  14  21  37  -1  31  -9  23  32  29   x  23  25   9  34  19  18  14  -8  -5   6  15   2  -3  36  13  -7 
 37   x  16   1  36  12  -2   x   x   9  27  -2   5   7  -4 -10  19  21  37  39  -1  34  14   9  35  12   x  -3  21  31  35  31   6  29  19  -5  34   9 -10  37 
 -3  38 -10  23  15   5  37  21   6  26  20   x  29   3   5   x  27   2  15  23  19  -8  -4  -7  14  -9   2  -1  21  29 -10   x  20   7  15  31  -2   5   5  34 
 16  13  12   x  16 -10  10   6  28  21  28   9   1  -3  38   4  -6  23  29  24  -7  -7 -10  -3  -4  -4  30   6   x  20   1  18   4  35  -4  35  -2  14  35   x 
 35   x  -6  23  26  32  36  10   x  24   x  15   4   4  15  -5  12  38  30  38   3  18  13  39  13  36  18  -5  -4  16   x  21   3  -8  12  23  30  28  -7  -3 
 30  20   4   7  10   x  19  25  32   x  39  21   1  12  -9   5   1   7   2   x  36  31  14   9  30  35  19   5  -2  -6  14  36  21  14  39   4  19  -5   1  23 
  x  12   x  25   4  27  27   1  -3  25  30  36  13   6  38   1   4  26   9   x  39  -8   x  -9  21  35   3  24  -5  24  10   2  35  35  16  28   1   2  18  29 
 -3  10  32  28  20  -6  14   5   x  30  -5   4   8   x  30   x  35  35   x  30  35  -4  30  12  35   7  -8   6  -6  31  -8   x  35  26  23  -4  13  12  23  38 
