25
-10   x  39  -1   9   1   6  -7  -9  10  23  17  25  32  28  39   3  29  27   1  31  25  26  36  -6 
 35   2  -3   3   2  -3  -9  -6  34  13   1   8  37  24  37  37   x  12  13  37  -9  14   6   9  18 
 18  -2   5   x  -4  -3  12  17  27 -10  -8  17  -4  -4  28  28  37   7  19  35  38 -10  10  -7  21 
  6  -1  38  37   1  -9  28 -10  31  17   3  -1   4  -1   x  19  32  -5   3   4   9   3  26  38   6 
  4  38  35  32  26  -2   x  19  21  -5   x  30   9  38  -4  12   x  29  37  10  37  25  26  28   6 
 12  19   7  -5  -7   x -10  35  34  34   5   8  39   6  15  13   x   x  23  12  13   4  31  -6   4 
 18  28   x  29   x  27 -10   5  24  37  24   x  39   3   1  -3 -10  26  35  17  -3  28  34   6  -4 
 16  14  21  -6  27  16  14  34  31  17   3  -8   8  31  10  27   x  37   8   9   5   x  -5  10  29 
 29  -5  21  -5  16  -1   x   5  28  -7  34  39   3  32  20  31  20   2 -10 -10   5 -10  37   x   4 
  3  17  29  36  36  23  18  -4   4  -7  37   3  10  37  12  -7  -2  35  12  36  30   x  -1  13  15 
 34  25  -4  34  28  25  -6  14  29  39  -5  15   5  -6   x  32  37  13   x  15  31  20  23  18  17 
 31  24   5  -4  27 -10 -10  -9   7   7   4  37   1  15  -7  32  28  25   8  37  -6   8   x   9  23 
 -6  -9  13  17  25  20  -8  39  29   x  21  -6  19  14  -1   6   x  38  24  28   2  -8  -8  -3  23 
 38  -7   4  -4  -7  17  -1  25  16  -4  29   7  35  27   x  26   x  20  21  21  23 -10   7   x  19 
 31   7  10   2  -9  26  -5  -8  -3  15  37   7 -10  -6  -4  19  -4  32  12  15  14   4  26   7   x 
 -9  15  25  -9   1   x  34  23  36  38  -9  -2  32  31  35  -1   6  10  37  -4  32   8  15   5   x 
 18   6  27  14   8  39  20   2  35  35   3  36  16   7  25  -5   7   9  -5   x   3  10  36  34   1 
  1   6  12  -8  -2  -9  13  39  14  29  15  32   3   5  30  15  16  28  39   x  17  13  12  13   x 
 15   6   2   x  28  -2  -5   2  -6  13  38   3  36  15  31  19  -6  12   x  -9   3  -1  -6   8   4 
 30  -2   x  38   6  25  31  -9   5  26   x  16  28 -10   6  29  31 -10  -9  15  15  39  29   4  -4 
 10  26  16  -8  18   7   6   x  27   1  23  -3  30   5   x  34   6  -6   3   8  21  26  -1  -3   x 
  8   x  24   4   8  30   2   3  17  26  31  -1  13   4  12   5   4  20   6  -3  -1  14   x   x  10 
 -2  -2  15   4  -4  -4  -2  23  -2  -2  37   2   9  30  16  -8  -6  23  -9   8  18   6  17   1   9 
 -1  15  -3  -9   8  12  26  -6  26  12  21  29   1  19  12  -3   x  29  19  32  -5  23  10   1   x 
 35  -1   x  38   2   x  -1   7  16  -9   2  -5  16  25   x   9  24  30  36  -6  28  37  -4  -7   6 
